3.59234854655079
3.77959214392728
3.92306758506345
3.99765545901828
4.03405676968078
4.06570797723394
4.11942979341053
4.15436312271255
4.17963824920257
4.2099324190113
4.24573650345146
4.27507486648091
4.30966611852732
4.32692025141425
4.34661855104115
4.36960987802688
4.37999961417565
4.39738371688935
4.41975362730608
4.43638452365651
4.46186908187372
4.48830075537478
4.51003127352918
4.52252812096489
4.53564032795402
4.54792426121038
4.56592685434183
4.58129235040641
4.60930051912176
4.62635120403361
4.63672920047411
4.64957504458322
4.66256206309644
4.67355935546603
4.69160750556083
4.70456464515771
4.71601252329895
4.72932786756383
4.74571044850473
4.76013017768329
4.77506445029169
4.78829228525944
4.79400094241504
4.80107996092577
4.8068491364617
4.81487175670075
4.82361664307192
4.83632152527841
4.84991279896722
4.86192851712094
4.88184022205454
4.89081540271242
4.89723830072859
4.90862619065828
4.91934117789649
4.92916581056387
4.93738296710826
4.94975730433799
4.95793267543713
4.96760182081911
4.9757075199608
4.98443652838645
4.9947031682973
5.00466614132877
5.01591866368969
5.02794972950343
5.03849528521261
5.04637960442029
5.05821978060699
5.06609463847473
5.07480214903981
5.08766621489804
5.09580938190679
5.10489370876561
5.11530416777818
5.12054433553816
5.12934998858487
5.13519873107539
5.14495525501316
5.15361580225145
5.16410620869424
5.17513123472349
5.18226135369922
5.19086850445001
5.19876070736368
5.20665969548993
5.21644179417539
5.22595708999936
5.23611548582268
5.24534668773258
5.24983201165644
5.25838125188512
5.2684437042752
5.27254624099324
5.27689826295186
5.28482700532113
5.2947804454701
5.30201242345191
5.30953837209189
5.32001804312644
5.3275155620948
5.33471684402345
5.343993961118
5.3530013293724
5.3600433912054
5.36741138396709
5.37743518302161
5.38791409780231
5.39904012714613
5.40303881283022
5.41538842359396
5.42474167180059
5.4335950809925
5.43907276508449
5.44512831040143
5.45144926737357
5.45995862181496
5.47021180881077
5.47864932730177
5.48625857678303
5.49257974652926
5.50159797844885
5.50949183724951
5.51747420245444
5.52436056194539
5.53159690158834
5.54037911816845
5.54693879383166
5.55375604346264
5.56067203553965
5.56770363749434
5.58200788809863
5.58860558614971
5.5956241875565
5.60247857030154
5.60817175066661
5.61699751204193
5.62432954697309
5.63042846848344
5.63495390342403
5.64195737683464
5.64848665774787
5.65629725864505
5.6649739289306
5.67120731040151
5.67906523832266
5.68860147919603
5.69836498128941
5.70660326505102
5.7116315586299
5.71652711236141
5.72523752772463
5.73086797425062
5.74426562130558
5.75533054424136
5.76222071128505
5.76950540438624
5.77496822763225
5.78370148094892
5.79025996176746
5.79898326624682
5.80736808579715
5.81232007281849
5.81926788054562
5.82422702784995
5.83655096276887
5.8464958272597
5.85281421132051
5.85955751743523
5.86560608123336
5.87061110894215
5.87682394994182
5.88289013105526
5.89046014217211
5.89527476024035
5.90531991988709
5.91541738852798
5.92615002250431
5.93004516777752
5.9390509974266
5.94742270284749
5.95711926332504
5.96714556134622
5.97594992179044
5.98676422145178
5.99577852960347
6.00351663403636
6.01341684776127
6.02598555567501
6.03791931031027
6.04685369687478
6.05328322628947
6.06343202723617
6.07635938761812
6.08495027901265
6.09470737525982
6.1008119410379
6.1078758928301
6.11805633525814
6.12870497762074
6.13641083719568
6.14481166940496
6.15016815614592
6.16009645723593
6.17316250426629
6.18240118839372
6.19194648489163
6.20133949844818
6.21026783058545
6.21532116625787
6.22314044322169
6.22903351488799
6.23487957070481
6.24306179146977
6.25441286806888
6.26224279023369
6.2697367655413
6.27746884114071
6.28667744904068
6.29485777376214
6.30266277265345
6.31297339294028
6.31923398721118
6.328645815849
6.33636224044661
6.34869694792665
6.3621165171357
6.36930948753081
6.37662608209134
6.38769617138981
6.39899119311221
6.40734126838699
6.41586683351729
6.42520254295018
6.43424405715401
6.44713310805998
6.4576505860229
6.47600117393748
6.48773496769834
6.50145759867444
6.50773377479938
6.51728907242026
6.53183091620867
6.54276253653835
6.55646826918024
6.56987945480823
6.5800637881955
6.58910641375309
6.60134559485297
6.61178851837978
6.61982380205247
6.63346762113675
6.6545966321946
6.66566513114954
6.67261669457339
6.68443932946513
6.69584562962747
6.70512463323908
6.71559121249997
6.72624028229517
6.74582530437325
6.76418451994517
6.77850117464337
6.79251934072614
6.80223970825647
6.81047798099434
6.81969533469415
6.83534839391018
6.85263230677184
6.86548955501058
6.87651615228126
6.89187401694691
6.90040115636331
6.91622241660538
6.93162871492681
6.95017594738279
6.95876567441667
6.97061286978581
6.98952317388779
7.00895114494714
7.02205801669391
7.03087041048374
7.04619665442174
7.05921880342677
7.07009528204974
7.08370163005125
7.09637686617384
7.1098518367199
7.12488997230588
7.14210489141881
7.15906332861203
7.17469173001374
7.18886931268595
7.2013835445195
7.21410185055542
7.22251518012939
7.23399389314041
7.2484730153346
7.27128566007212
7.2827482911605
7.29517665698051
7.30622386155863
7.32074605461219
7.3305100953065
7.34038062430385
7.35944948604242
7.36971935022744
7.38644727271992
7.40372894130205
7.41763125021717
7.43202192184375
7.44998894295974
7.46993326726485
7.47951444236299
7.49710472979913
7.51974486513329
7.53855363886286
7.55094344502528
7.56261302570732
7.58334751053018
7.60749259639449
7.61998399008377
7.64139008460877
7.66201920739998
7.68665663866531
7.70823033991698
7.72863201276094
7.74450836540051
7.76196225920445
7.79076696016115
7.82143653921013
7.8400320056543
7.86107901628558
7.87942201255001
7.89690041524838
7.91382810070369
7.94167844004688
7.9634740192921
7.9839962590167
8.01319617212437
8.0282264972936
8.04647080693409
8.06685471391714
8.09667848461451
8.11812977799418
8.13201521631196
8.15151075635922
8.17495419011079
8.20079536991451
8.21820733695742
8.24680025066925
8.2738350813112
8.28841729597739
8.29950317397666
8.32235202851253
8.34904703498165
8.38126974928222
8.4071904472053
8.42329182078253
8.45651290597741
8.48508839279947
8.51365455797701
8.53469890965312
8.5578578863763
8.57492311658476
8.6019792119612
8.6223716244669
8.63715807520025
8.66767606199637
8.68454071208001
8.70877237050333
8.73524703826489
8.75911692007144
8.78298304573355
8.82331562691961
8.85075692144333
8.8701981432686
8.89838050865947
8.92379235042768
8.95746610500149
8.98192033825935
8.998155797919
9.01833374033302
9.02999039929593
9.05961403679374
9.08309809444172
9.11201579908153
9.13391513706746
9.16488017942155
9.1916390746898
9.23534413350342
9.25920503633727
9.28944173542858
9.31774471249689
9.34949815036201
9.38677594828381
9.41938931674529
9.47520053911526
9.49816499207298
9.54370208388816
9.57026545325321
9.5888708351732
9.60763263871441
9.63343736803928
9.66379366222715
9.69310244786081
9.74808185192606
9.77030671061228
9.80238474314438
9.82637190302624
9.87045497069182
9.8928988664544
9.93238262305522
9.96677348758517
9.99957245820721
10.031367557094
10.0644530109668
10.1065951508701
10.1511918661146
10.1924767023428
10.2655415038913
10.300131284851
10.3415181203146
10.3666365873699
10.3966109713268
10.434955896588
10.4595898372176
10.5154697289337
10.548336138262
10.5902910969403
10.6367812990091
10.6841363883749
10.7335664321911
10.7776950955912
10.8252687938566
10.8635889976595
10.9026614226947
10.9358568885454
10.9796856935451
11.0089866673189
11.0373294618367
11.0705036611604
11.1041796059165
11.1347838500586
11.186829351015
11.2360498926867
11.2729181531769
11.3006580957776
11.3575997787863
11.3944688391571
11.4311659495505
11.4900803725913
11.5424760284183
11.5954438785449
11.6639466126891
11.6889763459502
11.7497900140429
11.7983067341744
11.8395213520265
11.8887252003133
11.9320415640116
11.9937716753978
12.0283615999831
12.0736235611971
12.1105473862107
12.1695844632242
12.2194682587546
12.2666135156449
12.2984593103717
12.3697253664731
12.4135607471334
12.4889756411791
12.5334217045217
12.5753129205218
12.6635496169244
12.7563349546595
12.7811695599347
12.8625773594383
12.9050345199207
12.9669678645274
13.000337556366
13.054698607805
13.1177089762373
13.1728263986623
13.2850736289552
13.3410063383334
13.3813149312135
13.4312110339772
13.5249916510969
13.5805906053029
13.6468897928628
13.6921178905111
13.7467880434782
13.7987510729264
13.862074761345
13.9362840342878
13.9988669038546
14.0552164102011
14.1350769477696
14.1841397010996
14.2508356434047
14.307467127739
14.3655581459398
14.4493390779752
14.5583758979171
14.6019271142736
14.6478400203882
14.7206370921895
14.7975884535612
14.9007320375201
14.9529526940833
15.0207799149412
15.1013331164003
15.2031419323319
15.2710208224753
15.3296012801654
15.3929720146502
15.4718066376937
15.5254898823324
15.5991338522073
15.6820131969912
15.7480764716724
15.8616742311281
15.9339000029118
16.0328569262563
16.1090896816285
16.1961712060137
16.2703861272769
16.3342144722776
16.3999098486407
16.497671749532
16.5815534726945
16.6583827129354
16.7340439047155
16.8287238163722
16.884904844258
17.0093871796745
17.054171974812
17.1282883714801
17.2024948578724
17.2800177189254
17.3744947147273
17.4669209140577
17.5212631322055
17.6075666509954
17.6964368276836
17.7587079921501
17.8236208274743
17.9364914219021
18.0149100689683
18.1294094021334
18.2370034880724
18.3436041423021
18.4604610048027
18.5277379993829
18.6473322160267
18.7248750639381
18.8063224194
18.9017690466799
19.0358272251352
19.0976225417236
19.2148564222793
19.354835564242
19.5015579666434
19.612809257848
19.6802986099583
19.8099290467278
19.9700049856645
20.0759790242162
20.2158883650984
20.3190258001503
20.3996463718619
20.5301022577178
20.6186396810189
20.7448097420554
20.8530678359679
21.0087120522998
21.1326439226027
21.283272199052
21.4285136201103
21.6369413864197
21.7479110424855
21.8325035853495
21.9912446169677
22.0730528797636
22.1692370734959
22.3189093396022
22.4208527249372
22.5994984735696
22.74612904254
22.9204426684375
22.9931351027962
23.080385764157
23.2963895986263
23.5118642311843
23.6073280834889
23.6637233373245
23.8071823454965
23.9736054116032
24.1667599980034
24.3347508206432
24.456968262788
24.5645618768367
24.6915740596826
24.9873877462514
25.1314324934307
25.2857559206194
25.4774578543061
25.6392027097207
25.8319752267464
25.9737136261059
26.2551108132083
26.385920314806
26.5843522394062
26.7985887902337
26.9079121433138
27.0729023465784
27.1961766162726
27.3900093188062
27.5862365736589
27.6661995787835
27.7967482316367
28.0544655675363
28.2739220193533
28.5097734536571
28.7903494924935
29.0137411915555
29.1551569433445
29.3680930610012
29.5257580325209
29.640787996454
29.9007735419382
30.1230349762909
30.2837825748252
30.4591079650252
30.6771139198662
30.8438601436549
31.1454853565563
31.3353879829373
31.4199480779357
31.6116747686047
31.8214581090376
32.0956417693425
32.3685961701665
32.6751529576048
32.9626856114021
33.1143864154721
33.3459627030827
33.6685000209312
33.8926937930221
34.1183173550908
34.3374048105163
34.6664029092551
34.9421632411551
35.2515035083621
35.5377651730297
35.9523000829526
36.3320910682572
36.6002216942416
36.8464327313288
37.0784152885727
37.3605889613164
37.5808473824574
37.8898356137509
38.0760349574446
38.3248900381757
38.7831061888729
39.0420035888269
39.4181193900976
39.8327127500931
40.2739156266439
40.5560524091472
41.000794244031
41.2238254901171
41.4617310618392
41.6679662954135
41.8762933416168
42.2604885701284
42.5899195175496
42.9335485741282
43.2691589484155
43.5875316846268
44.0952718835961
44.3097504608791
44.9279637216083
45.187116330425
45.5780939962974
46.0521122876793
46.4056722065083
46.9373763298788
47.207627704919
47.6014740644773
48.2440923233467
48.4580611629681
48.8884042354486
49.2674868417303
49.5872068153691
50.0064480623647
50.4906746548005
50.9622596898292
51.4613330364987
51.9336858870189
52.2574732304006
52.8178905426931
53.2706675412499
53.8199313358743
54.330118729174
54.8774259344461
55.2890470539124
55.8684069790486
56.4416328196326
56.6474885502832
57.0279122426581
57.4889055756167
57.8877111142505
58.4241605921553
59.1354272857546
60.0057542353984
60.5221028786552
61.3045603627123
62.3199850563955
62.6691972600746
63.3076588012816
64.1697045334897
64.7812894276718
65.2681062794509
66.4602127760674
67.0520385473988
67.536336746333
68.4063335343815
69.6554004436371
70.6268864328818
71.1036950129666
71.7191664212219
72.0663244228063
72.9385174452941
73.7661734020089
74.6185001394006
75.4512946457702
76.6641592050563
77.4917702533671
78.3583330128394
79.1243895921227
79.9874095022662
81.707999022795
82.3953206011001
84.0878527296879
84.9086846392796
85.9900773634145
87.2728897082678
88.4597188660699
89.6446983330029
90.5603554023698
91.7685009813267
92.8307088421815
93.9325320548323
94.699297072289
96.1161687309198
97.5508905121715
98.8409965979441
99.7190035328977
100.79889524406
102.468739595
103.432904503895
104.678832435963
106.581692216143
108.800168804861
111.588603401088
113.499477963325
115.792133554471
118.142771210348
120.073981172566
122.262887689749
124.256962696803
126.01109326037
127.717364186205
129.512542324337
131.316756026472
133.055578334919
136.597797601894
139.217326397038
141.272395778541
144.446074786215
146.449088904809
150.24239981321
151.656076609766
154.029512968178
157.036815958585
160.993896595251
163.251714893096
165.756889965381
169.202774738779
173.489484147234
175.942180891822
178.947763754873
183.127187702835
187.577269244747
192.161088711538
196.703076629714
204.702814739927
208.155219607952
215.566884992741
219.024096792857
223.190730952933
236.605756902482
245.12736114459
261.769128431643
271.644964464397
293.365015822268
303.850228870602
330.736926402909
372.545179504438
428.66678870049
505.267179371356
591.560854598641
696.811086869072
806.618049508464
886.382314349256
1025.8379223993
